1710140092833290313
1710140094124414791
1710140094832591285
1710140096116332761
1710140096810445122
1710140098119247446
1710140098830243225
1710140100128513450
1710140100831611023
1710140102128644046
1710140102831783861
1710140104122057518
1710140104831563212
1710140106127377100
1710140106834347085
1710140108130878508
1710140108838142744
1710140110113175701
1710140110839867576
1710140112130111228
1710140112835334006
1710140114129063961
1710140114837086092
1710140116129129585
1710140116828197099
1710140118116229817
1710140118831843177
1710140120141382654
1710140120813592725
1710140122230371343
1710140122836648617
1710140124420466962
1710140125120638266
1710140126420598268
1710140127224312297
1710140128424642561
1710140129427553440
1710140130429216235
1710140131417619674
1710140132423056928
1710140133420446081
1710140134425728891
1710140135415760461
1710140136426105110
1710140137429188131
1710140138445194327
1710140139425938682
1710140140425604731
1710140141420061368
1710140142448222078
1710140143428951939
1710140144439527764
1710140145433680518
1710140146440116069
1710140147438068391
1710140148435775685
1710140149432531021
1710140150438920915
1710140151410159629
1710140152439661628
1710140153428622800
1710140154414056854
1710140155417293922
1710140156428310820
1710140157439763861
1710140158434791520
1710140159422325878
1710140160431443220
1710140161431696711
1710140162429736718
1710140163411862383
1710140164428449339
1710140165433740390
1710140166432890944
1710140168430110131
1710140169443651848
1710140170433270264
1710140171521482381
1710140172428984595
1710140173740128756
1710140174413541868
1710140175724178255
1710140176422015504
1710140177725969714
1710140178425939455
1710140179731010881
1710140180429229995
1710140181726473895
1710140182425980354
1710140183735975860
1710140184429944253
1710140185742206182
1710140186428213964
1710140187730955538
1710140188421396262
1710140189731821093
1710140190423398461
1710140191735936656
1710140192838452913
1710140193728128537
1710140195030246795
1710140195716649960
1710140197023563597
1710140197730143196
1710140199027333907
1710140199733816288
1710140201028643120
1710140201723937380
1710140203032520331
1710140203733468977
1710140205037845570
1710140205733814922
1710140207042055633
1710140207731960912
1710140209032755112
1710140209723647722
1710140211032473916
1710140211747651550
1710140213038906826
1710140213727522469
1710140215036142797
1710140215743120702
1710140217036427178
1710140217738940487
1710140219030373955
1710140219726149531
1710140221029775616
1710140221826062765
1710140223039814504
1710140224028220357
1710140225035578761
1710140226019807267
1710140227030254032
1710140228030826985
1710140229019625658
1710140230034226684
1710140231027203526
1710140232032639323
1710140233033120218
1710140234020256338
1710140235033596958
1710140236022121313
1710140237023723605
1710140238011078342
1710140239037109986
1710140240028926538
1710140241042162627
1710140242035876059
1710140243040687532
1710140244032772648
1710140245019599896
1710140246118444291
1710140247027407290
1710140248336597395
1710140249035238829
1710140250337352002
1710140251041977398
1710140252322233672
1710140253042473371
1710140254340041385
1710140255028910725
1710140256342315916
1710140257044675309
1710140258317732585
1710140259342713851
1710140260334295201
1710140261322292153
1710140262326465220
1710140263325735116
1710140264326273549
1710140265319217777
1710140266330939326
1710140267413765029
1710140269327179840
1710140270322689180
1710140271321883838
1710140272323260995
1710140273336581455
1710140274340514489
1710140275325919896
1710140276339897695
1710140277332078932
1710140278333446901
1710140279343765535
1710140280338302926
1710140281323551635
1710140282329918178
1710140283341289683
1710140284334069972
1710140285330466401
1710140286341007973
1710140287347415900
1710140288344665933
1710140289324465979
1710140290331375113
1710140291630895663
1710140292626051771
1710140293637631378
1710140294628405358
1710140295628121195
1710140296629698381
1710140297629692534
1710140298634764677
1710140299631442988
1710140300635443407
1710140301631317846
1710140302638319986
1710140303635916270
1710140304650226626
1710140305637101171
1710140306639007798
1710140307615179681
1710140308635915395
1710140309619068608
1710140310624276133
1710140311621436403
1710140312639822586
1710140313640949429
1710140314638430372
1710140315643856004
1710140316625994958
1710140317635010209
1710140318649109658
1710140319638126153
1710140320726322133
1710140321647696725
1710140322938170392
1710140323637947280
1710140324947653030
1710140325941390761
1710140326926480231
1710140327928894300
1710140328940253993
1710140329942882162
1710140330937984731
1710140331928965216
1710140332941225861
1710140333943917450
1710140334938148598
1710140335944220636
1710140336939289196
1710140337953027951
1710140338939533384
1710140339927507188
1710140340947715565
1710140341940568134
1710140342947338011
1710140343942667788
1710140344936680488
1710140345927926570
1710140347037562116
1710140347928175099
1710140349314111692
1710140349938402015
1710140351534722668
1710140351926528800
1710140353534556136
1710140353928980469
1710140355541081749
1710140355933280330
1710140357539033696
1710140358257665711
1710140359532149499
1710140360243786391
1710140361541434951
1710140362242310457
1710140363539564421
1710140364278939585
1710140365540995194
1710140366238622553
1710140367543390192
1710140368244058569
1710140370245363799
1710140371240141415
1710140372240116342
1710140373222191653
1710140374243096269
1710140375239988825
1710140376240604116
1710140377233286731
1710140378220281347
1710140379240105905
1710140380221863441
1710140381250740788
1710140382235972719
1710140383224695220
1710140384223894214
1710140385218826078
1710140386245645655
1710140387249182582
1710140388227100361
1710140389241178195
1710140390253870357
1710140391539688672
1710140392544511072
1710140393537635200
1710140394544760080
1710140395547550513
1710140396538023808
1710140397554438472
1710140398538115079
1710140399545210975
1710140400539631844
1710140401545053927
1710140402546249547
1710140403533104709
1710140404532904831
1710140405543853318
1710140406539720764
1710140407542947576
1710140408536703750
1710140409548960381
1710140410554200775
1710140411546125853
1710140412528403988
1710140413533768801
1710140414540754276
1710140415541244987
1710140416542057203
1710140417545053729
1710140418549034409
1710140419547127536
1710140420543284652
1710140421546784729
1710140422842915025
1710140423548307907
1710140424845389977
1710140425849207098
1710140426862097363
1710140427843234385
1710140428852362565
1710140429862650300
1710140430861050565
1710140431856832245
1710140432869279196
1710140433848175065
1710140434835650354
1710140435849060854
1710140436946666490
1710140437848643084
1710140439163212841
1710140439855611100
1710140441140131695
1710140441832944100
1710140443145645455
1710140443859194137
1710140445155264006
1710140445846350901
1710140447145979843
1710140447858776554
1710140449147883886
1710140449849096238
1710140451156853408
1710140451864312330
1710140453167848709
1710140453866404733
1710140455166993747
1710140455866735465
1710140457144112468
1710140458141063297
1710140459158671069
1710140460160808610
1710140461159646192
1710140462147989206
1710140463150568421
1710140464141973637
1710140465148349510
1710140466141176316
1710140467133886031
1710140468119358114
1710140469140911555
1710140471145697074
1710140472133243302
1710140473140605442
1710140474139852378
1710140475137866642
1710140476139780741
1710140477136995521
1710140478133301762
1710140479133772279
1710140480146400458
1710140481153187393
1710140482147766905
1710140483234945170
1710140484152897455
1710140485238384402
1710140486147763909
1710140487444254745
1710140488143851771
1710140489463672039
1710140490152939592
1710140491450354019
1710140492445528590
1710140493463974703
1710140494452608797
1710140495455774005
1710140496462864676
1710140497454073722
1710140498464263232
1710140499457972246
1710140500439832654
1710140501450426131
1710140502454883708
1710140503452556681
1710140504447928416
1710140505452780044
1710140506446117718
1710140507448476726
1710140508443388209
1710140509448612358
1710140510452088390
1710140511457896832
1710140512443587060
1710140513461575002
1710140514449433301
1710140515446114424
1710140516457683589
1710140517439716788
1710140518442318102
1710140519439096863
1710140520443894929
1710140521446247708
1710140522449356326
1710140523738802729
1710140524729393011
1710140525740158983
1710140526744669476
1710140527744812767
1710140528733351402
1710140529738555266
1710140530726252745
1710140531738657740
1710140532739237781
1710140533752886949
1710140534741503247
1710140535741371924
1710140536737456789
1710140537762884373
1710140538741677492
1710140539752714929
1710140540756275336
1710140541757184265
1710140542756665130
1710140543750300288
1710140544761062215
1710140545734843272
1710140546749993610
1710140547740571005
1710140548745694474
1710140549741788080
1710140550729508124
1710140551745052068
1710140552738918933
1710140553723648024
1710140554748532477
1710140555743188561
1710140557041329410
1710140558032624266
1710140559027092163
1710140560041017615
1710140561127532633
1710140562045388962
1710140563333887822
1710140564039518456
1710140565343894739
1710140566048698130
1710140567318493809
1710140568039358629
1710140569341231362
1710140570048403524
1710140572053652204
1710140573028901981
1710140574035945373
1710140575039768297
1710140576144629757
1710140577049040218
1710140578435717334
1710140579040208683
1710140580646392273
1710140581023480326
1710140582640379045
1710140583028276856
1710140584643917510
1710140585028812160
1710140586635838005
1710140587042673057
1710140588643182564
1710140589030704719
1710140590635410668
1710140591346900466
1710140592636462265
1710140593338465785
1710140594649666945
1710140595341606047
1710140596641943902
1710140597333367413
1710140598638600986
1710140599342199918
1710140600629323500
1710140601349845501
1710140602635246008
1710140603322621428
1710140604624349075
1710140605447175386
1710140606643234025
1710140607636183443
1710140608643890086
1710140609640702944
1710140610642730219
1710140611643797976
1710140612643433012
1710140613635340443
1710140614646601799
1710140615637271395
1710140616639880884
1710140617644228414
1710140618649613530
1710140619624872724
1710140620658620121
1710140621647082805
1710140622654601606
1710140623627290314
1710140624648142294
1710140625645888509
1710140626641593109
1710140627643345835
1710140628640674319
1710140629638970091
1710140630654930901
1710140631644162008
1710140632660366405
1710140633646979367
1710140634660535003
1710140635628662148
1710140636657869915
1710140637645887893
1710140638654495417
1710140639637713661
1710140640652112060
1710140641737116268
1710140642646675127
1710140643936679255
1710140644650162955
1710140645920009662
1710140646656102752
1710140647938438034
1710140648655963143
1710140649951950352
1710140650647140781
1710140651943836669
1710140652656598383
1710140653951495871
1710140654639241426
1710140655927506916
1710140656745080230
1710140657954076184
1710140658944813399
1710140659918150559
1710140660941113327
1710140661938917126
1710140662938654287
1710140663933551401
1710140664927219406
1710140665928031498
1710140666932631926
1710140667932951586
1710140668936859346
1710140669926126828
1710140670928221020
1710140673217422017
1710140674231926750
1710140675223940614
1710140676216511888
1710140677217103021
1710140678214932138
1710140679217360400
1710140680230344575
1710140681229385526
1710140682218767561
1710140683234674524
1710140684232505888
1710140685236361398
1710140686228214881
1710140687239588808
1710140688229390081
1710140689231606500
1710140690232631250
1710140691230444271
1710140692233056719
1710140693235799203
1710140694235658219
1710140695232827201
1710140696235578072
1710140697229834967
1710140698235785267
1710140699234842000
1710140700227269233
1710140701241675063
1710140702230449876
1710140703240481120
1710140704222744922
1710140705237998135
1710140706229093122
1710140707241530134
1710140708231910952
1710140709236574278
1710140710236682313
1710140711240555618
1710140712219086392
1710140713247491559
1710140714233725381
1710140715241597508
1710140716268132419
1710140717244345888
1710140718261267060
1710140719259506301
1710140720249944930
1710140721257531376
1710140722539790711
1710140723259529341
1710140724550509695
1710140725543951595
1710140726548301110
1710140727549274730
1710140728530164400
1710140729539883917
1710140730541224965
1710140731551068960
1710140732541211147
1710140733551014196
1710140734549782656
1710140735554303563
1710140736535733639
1710140737541791372
1710140738643433845
1710140739546247388
1710140740838562890
1710140741556278494
1710140742845087906
1710140743551458982
1710140744847859996
1710140745548743073
1710140746836728954
1710140747546836059
1710140748840493356
1710140749542396224
1710140750821584888
1710140751526352959
1710140752818009921
1710140753524512606
1710140754832582736
1710140755615261318
1710140756821800506
1710140757832355201
1710140758826777816
1710140759845463808
1710140760842384479
1710140761846252668
1710140762840063994
1710140763841643308
1710140764848182147
1710140765846129525
1710140766837161258
1710140767841133856
1710140768856664696
1710140769845638326
1710140770841177617
1710140771854364396
1710140773843022749
1710140774859320333
1710140775838558313
1710140776849878570
1710140777839134930
1710140778825823988
1710140779846326738
1710140780846421114
1710140781853127539
1710140782845066041
1710140783855898960
1710140784848413129
1710140785854207979
1710140786856522947
1710140787853383153
1710140788846975562
1710140789848135941
1710140791150808743
1710140792158869831
1710140793165733717
1710140794162192709
1710140795157429799
1710140796136227870
1710140797159156287
1710140798158463482
1710140799154483344
1710140800161136565
1710140801137574402
1710140802157044103
1710140803147228897
1710140804145576994
1710140805134230450
1710140806138428802
1710140807151436057
1710140808150972027
1710140809139507461
1710140810144968645
1710140811150004259
1710140812142576936
1710140813151648959
1710140814145135758
1710140815147022729
1710140816146964618
1710140817141484309
1710140818145917464
1710140819147204079
1710140820146609745
1710140821138110972
1710140822144289605
1710140823123969404
1710140824422554216
1710140825421641871
1710140826423173783
1710140827417682214
1710140828436375361
1710140829421599417
1710140830425790261
1710140831426394755
1710140832445749792
1710140833427920620
1710140834437347202
1710140835422377018
1710140836444045003
1710140837427311200
1710140838437531184
1710140839435933481
1710140840441538231
1710140841431442633
1710140842439387671
1710140843434780715
1710140844440687914
1710140845443223893
1710140846437213959
1710140847438385282
1710140848433016819
1710140849441421606
1710140850441058378
1710140851431126067
1710140852435151009
1710140853433049619
1710140854433395456
1710140855445656189
1710140856730447004
1710140857711669049
1710140858721474006
1710140859711963275
1710140860821058344
1710140861724393871
1710140863033116305
1710140863731801667
1710140865024590625
1710140865732772707
1710140867026233812
1710140867736926123
1710140869024240935
1710140869733297840
1710140871022183352
1710140871730745895
1710140874025200985
1710140875014996127
1710140876009309988
1710140877019686231
1710140878019917722
1710140879022670807
1710140880026098948
1710140881007228878
1710140882026646222
1710140883023588034
1710140884030220391
1710140885030695308
1710140886004570167
1710140887017130306
1710140888020680520
1710140889021504702
1710140890011704867
1710140891119370879
1710140892011237776
1710140893311316585
1710140894016535179
1710140895317108427
1710140896011984887
1710140897318435242
1710140898004527754
1710140899303569814
1710140900008624547
1710140901313601837
1710140902026271327
1710140903324202162
1710140904041344107
1710140905319985110
1710140906029729940
1710140907335231961
1710140908035801593
1710140909325016344
1710140910038011495
1710140911333394570
1710140912018161339
1710140913341657136
1710140914035807322
1710140915316929293
1710140916030753443
1710140917340995991
1710140918034361812
1710140919340593532
1710140920033479878
1710140921340499543
1710140922034745311
1710140923332154173
1710140924330056045
1710140925327665820
1710140926334752337
1710140927318604195
1710140928324552478
1710140929328486951
1710140930326799887
1710140931334132620
1710140932339966449
1710140933333098922
1710140934326557483
1710140935332398818
1710140936335740709
1710140937339480673
1710140938328933161
1710140939332462764
1710140940320696262
1710140941329955874
1710140942312109812
1710140943338901692
1710140944334457656
1710140945341784414
1710140946344710980
1710140947334466178
1710140948333178671
1710140949331886757
1710140950325917008
1710140951333495519
1710140952347619294
1710140953330137518
1710140954429839208
1710140955344299255
1710140956630194726
1710140957332375679
1710140958630241338
1710140959627734756
1710140960629520628
1710140961639487918
1710140962638309827
1710140963639799439
1710140964630323239
1710140965628114149
1710140966624767989
1710140967632955671
1710140968621339543
1710140969622653317
1710140970630149924
1710140971620320917
1710140972611433062
1710140974225566533
1710140975229855972
1710140976237441458
1710140977211774300
1710140978233321784
1710140979225282880
1710140980210264154
1710140981225793101
1710140982220926408
1710140983222857340
1710140984223460847
1710140985222581852
1710140986225979559
1710140987220498281
1710140988224385173
1710140989226882763
1710140990217212518
1710140991218426141
1710140992233266568
1710140993222554036
1710140994229183489
1710140995227899284
1710140996224237090
1710140997232755013
1710140998223422072
1710140999229203859
1710141000234588286
1710141001227103378
1710141002239954804
1710141003236921574
1710141004233949712
1710141005227580870
1710141006224417037
1710141007221972546
1710141008233399982
1710141009243677343
1710141010232496542
1710141011336667003
1710141012241134963
1710141013526798893
1710141014232758258
1710141015526409042
1710141016238167821
1710141017527043305
1710141018231548975
1710141019528620778
1710141020232845158
1710141021530586275
1710141022230099635
1710141023528492395
1710141024231748155
1710141025514303015
1710141026241592465
1710141027527251097
1710141028242177453
1710141029524404804
1710141030234333831
1710141031533511723
1710141032238343701
1710141033538869339
1710141034235627013
1710141035535171755
1710141036238139753
1710141037522041962
1710141038243851170
1710141039532623809
1710141040223354048
1710141041536773596
1710141042222694274
1710141043537710857
1710141044324811153
1710141045515375909
1710141046516042396
1710141047517630279
1710141048538516974
1710141049630720287
1710141050536363569
1710141051828009646
1710141052535528370
1710141053824200505
1710141054534585549
1710141055828898254
1710141056531809827
1710141057834708745
1710141058534236286
1710141059820526088
1710141060526509528
1710141061810029150
1710141062535549469
1710141063836121735
1710141064529920533
1710141065819002081
1710141066532841112
1710141067837251483
1710141068544553474
1710141069837279015
1710141070559518070
1710141071848135947
1710141072543400768
1710141074835867568
1710141075830241346
1710141076838455351
1710141077837357823
1710141078839323857
1710141079832330141
1710141080839305439
1710141081834201398
1710141082831298802
1710141083828900971
1710141084835821125
1710141085821411991
1710141086848881428
1710141087838048222
1710141088833894927
1710141089818726574
1710141090838878647
1710141091830360668
1710141092840946691
1710141093838341123
1710141094848865260
1710141095840798813
1710141096844642332
1710141097840238023
1710141098838032438
1710141099844795042
1710141100820179201
1710141101845219619
1710141102844010905
1710141103848198001
1710141104845877994
1710141105842846631
1710141106837515302
1710141107836944216
1710141108844483745
1710141109827672169
1710141110856229056
1710141111835024172
1710141112837143491
1710141113839708563
1710141114835725307
1710141115849043071
1710141116841088985
1710141117841407398
1710141118826731204
1710141119826090830
1710141120918858152
1710141122139984128
1710141123151700482
1710141124132604942
1710141125134807260
1710141126146283242
1710141127143871570
1710141128130105218
1710141129139944792
1710141130142100919
1710141131136512333
1710141132138293642
1710141133147427012
1710141134116412714
1710141135118279511
1710141136135842863
1710141137143315005
1710141138120676227
1710141139133712559
1710141140139436487
1710141141145779323
1710141142149396198
1710141143144710715
1710141144142587421
1710141145143344878
1710141146147874982
1710141147146587398
1710141148145750297
1710141149139230835
1710141150125498268
1710141151150891566
1710141152140659837
1710141153147253293
1710141154131954004
1710141155125151314
1710141156136760758
1710141157452555206
1710141158441888070
1710141159445133828
1710141160436689319
1710141161446380680
1710141162438496640
1710141163437067184
1710141164541471403
1710141165432393555
1710141166737117005
1710141167455061475
1710141168739039971
1710141169447018361
1710141170733641645
1710141171443292396
1710141172738435927
1710141173446285970
1710141175441680689
1710141176425759168
1710141177442955417
1710141178434286821
1710141179435812208
1710141180435748204
1710141181431169363
1710141182424430125
1710141183436583140
1710141184430032900
1710141185420460435
1710141186433864362
1710141187722808304
1710141188409382295
1710141189717546221
1710141190704901181
1710141191720705841
1710141192703882113
1710141193708704863
1710141194719628314
1710141195711149334
1710141196718986459
1710141197724173472
1710141198717901705
1710141199721113627
1710141200723293913
1710141201718505258
1710141202719123588
1710141203723008707
1710141204718521825
1710141205726773051
1710141206737683009
1710141207720795010
1710141208720904804
1710141209723468634
1710141210718731804
1710141211722543065
1710141212726544026
1710141213814136538
1710141214708897442
1710141216013249568
1710141216732474008
1710141218011110650
1710141218728834110
1710141220024930578
1710141220717989241
1710141222020218401
1710141223017279315
1710141224031972105
1710141225027486177
1710141226022500457
1710141227014072399
1710141228024666252
1710141229025183372
1710141230033498234
1710141231017962289
1710141232023105084
1710141233035867497
1710141234030052767
1710141235019410452
1710141236013821052
1710141237037185090
1710141238032667740
1710141239123871748
1710141240034938157
1710141241336608771
1710141242030685069
1710141243334668666
1710141244044660634
1710141245324938607
1710141246031034449
1710141247316450513
1710141248022670324
1710141249318874282
1710141250022771390
1710141251316503042
1710141252020201011
1710141253334442113
1710141254034632640
1710141255318528368
1710141256031023389
1710141257318580041
1710141258315999845
1710141259317341861
1710141260323673150
1710141261323491948
1710141262322155592
1710141263326558967
1710141264318727169
1710141265320995046
1710141266307470584
1710141267315614706
1710141268330752951
1710141269339435564
1710141270324816597
1710141271323156056
1710141272316169360
1710141273329829127
1710141274326234111
1710141276621312863
1710141277624354781
1710141278629443349
1710141279625340186
1710141280721264291
1710141281630486465
1710141282723944464
1710141283609433158
1710141284928619512
1710141285635102594
1710141286933564708
1710141287628187920
1710141288909510240
1710141289629091172
1710141290915957830
1710141291624726054
1710141292927328052
1710141293625748002
1710141294926401579
1710141295631832342
1710141296931971586
1710141297721034900
1710141298930132237
1710141299927533506
1710141300928661131
1710141301925849089
1710141302916805810
1710141303916251586
1710141304929440503
1710141305924182987
1710141306919922557
1710141307922768438
1710141308921591296
1710141309909871096
1710141310927674484
1710141311915703009
1710141312934233933
1710141313921424894
1710141314929001625
1710141315919723900
1710141316910143585
1710141317928064716
1710141318929142724
1710141319930062537
1710141320932986897
1710141321924258945
1710141322936139856
1710141323920064766
1710141324934306483
1710141325931496225
1710141326931296618
1710141327925125215
1710141328936040001
1710141329928837229
1710141330935355767
1710141331926519290
1710141332933091772
1710141334024647492
1710141334937179973
1710141336223951310
1710141336921227128
1710141338223686419
1710141338920817926
1710141340209579134
1710141340919084311
1710141342222880618
1710141342939244183
1710141344219268723
1710141344931968799
1710141346215176727
1710141346931407418
1710141348218326845
1710141348938288747
1710141350223556546
1710141350923885425
1710141352225878754
1710141352932669650
1710141354227170354
1710141354934566258
1710141356228367642
1710141357221433918
1710141358218747286
1710141359228049241
1710141360224979994
1710141361229811483
1710141362233325336
1710141363232256185
1710141364226277553
1710141365222304129
1710141366229732200
1710141367232479793
1710141368223459953
1710141369225930823
1710141370229128932
1710141371227795858
1710141372232876361
1710141373208742695
1710141374225286566
1710141375220469328
1710141377226643771
1710141378330550091
1710141379212407581
1710141380531587361
1710141381229752292
1710141382541937020
1710141383224995368
1710141384539117688
1710141385227220367
1710141386525949993
1710141387227979768
1710141388522838852
1710141389537666120
1710141390528002623
1710141391525030151
1710141392533216455
1710141393526961759
1710141394538504255
1710141395529104610
1710141396528183327
1710141397532712321
1710141398522986572
1710141399529992568
1710141400530377281
1710141401531622166
1710141402623289118
1710141403529721400
1710141404822449696
1710141405531820816
1710141406827783328
1710141407530794724
1710141408823618344
1710141409534873103
1710141410835450959
1710141411511343441
1710141412835983100
1710141413518556137
1710141414819669333
1710141415529417088
1710141416819671740
1710141417522920378
1710141418819503026
1710141419578405954
1710141420833686917
1710141421581109316
1710141422832835318
1710141423832659867
1710141424829785011
1710141425820265020
1710141426828200757
1710141427827174803
1710141428824491192
1710141429839532000
1710141430832428047
1710141431833966586
1710141432822561646
1710141433825032801
1710141434829498408
1710141435808635830
1710141436825055106
1710141437831489268
1710141438922113150
1710141439823551132
1710141441130192138
1710141441834505306
1710141443126541526
1710141443821729676
1710141445134265290
1710141445827277316
1710141447123120477
1710141447825237447
1710141449126095411
1710141449823653772
1710141451117240898
1710141451831343909
1710141453128092070
1710141453836931292
1710141455124299586
1710141455826119088
1710141457121072448
1710141458112883004
1710141459119776998
1710141460112304356
1710141461127497886
1710141462124201671
1710141463129723125
1710141464143105975
1710141465125487786
1710141466114305653
1710141467124732069
1710141468122635610
1710141469129482869
1710141470125185195
1710141471127153737
1710141472113238417
1710141473139736141
1710141474131840314
1710141475131141515
1710141476121050594
1710141478107347189
1710141479112526277
1710141480110979693
1710141481132181868
1710141482132899395
1710141483129612728
1710141484112942528
1710141485131943398
1710141486121764594
1710141487130503271
1710141488106783449
1710141489113767113
1710141490410503083
1710141491439728697
1710141492419976156
1710141493434974900
1710141494429115786
1710141495427842101
1710141496429628347
1710141497437503419
1710141498429727726
1710141499429722722
1710141500430527366
1710141501428254339
1710141502429653150
1710141503435141848
1710141504430651122
1710141505438832363
1710141506434612026
1710141507409712188
1710141508430435504
1710141509424027226
1710141510410029802
1710141511437204883
1710141512429531491
1710141513432683403
1710141514429922060
1710141515427271269
1710141516428981166
1710141517438065778
1710141518448485160
1710141519441561733
1710141520437215473
1710141521442817402
1710141522425830170
1710141523726014279
1710141524724999472
1710141525725008348
1710141526725258454
1710141527740892858
1710141528738155152
1710141529738585584
1710141530732901306
1710141531739476255
1710141532720955800
1710141533733620042
1710141534730134240
1710141535734956786
1710141536736740684
1710141537739249681
1710141538739184136
1710141539743021501
1710141540738986935
1710141541737814283
1710141542739152218
1710141543744814619
1710141544737366229
1710141545734048315
1710141546733790160
1710141547738302775
1710141548740641753
1710141549736054954
1710141550747663514
1710141551734123696
1710141552743736076
1710141553753388996
1710141554734648703
1710141556015010818
1710141557021921701
1710141558018603248
1710141559019775957
1710141560036469092
1710141561016744419
1710141562028430809
1710141563017886120
1710141564045220213
1710141565033990442
1710141566028598159
1710141567026279641
1710141568029861706
1710141569042036356
1710141570040695739
1710141571029780260
1710141572033837138
1710141573032826434
1710141574031227496
1710141575030096153
1710141576035459670
1710141577037955226
1710141579028608458
1710141580027856304
1710141581028755642
1710141582024601166
1710141583037397751
1710141584028860654
1710141585038447738
1710141586026897539
1710141587043341264
1710141588131284287
1710141589027760723
1710141590342122193
1710141591321684739
1710141592373008217
1710141593331482649
1710141594387916176
1710141595331959031
1710141596380623595
1710141597330301098
1710141598392526425
1710141599379311209
1710141600381734145
1710141601335478380
1710141602387866847
1710141603337519627
1710141604378161072
1710141605332300214
1710141606380285077
1710141607327110357
1710141608391951638
1710141609332869484
1710141610383080673
1710141611351613117
1710141612380012483
1710141613320774000
1710141614388958561
1710141615335462950
1710141616381080915
1710141617328267074
1710141618368628325
1710141619344727273
1710141620391420246
1710141621619400891
1710141622623578576
1710141623632691452
1710141624623019719
1710141625630919512
1710141626640503368
1710141627639309218
1710141628635129465
1710141629650913606
1710141630632550268
1710141631649961782
1710141632642568333
1710141633618868770
1710141634622884244
1710141635630528515
1710141636625244203
1710141637635889588
1710141638634960397
1710141639621160912
1710141640625306958
1710141641626468666
1710141642638764307
1710141643628765374
1710141644620250584
1710141645621183271
1710141646622574855
1710141647628488879
1710141648631462604
1710141649619042619
1710141650620705994
1710141651632896230
1710141652644090453
1710141653654640306
1710141654630209905
1710141655625443164
1710141656927546013
1710141657930269047
1710141658919280765
1710141659944555517
1710141660930171398
1710141661924023275
1710141662936614473
1710141663923043051
1710141664951530445
1710141665930778425
1710141666928343406
1710141667929168237
1710141668942855680
1710141669935635207
1710141670928008087
1710141671925825219
1710141672926321271
1710141673943393343
1710141674926583850
1710141675918073888
1710141676935501988
1710141677941051203
1710141679934627020
1710141680936892617
1710141681933259847
1710141682938094244
1710141683933748551
1710141684938230041
1710141685933867913
1710141686944403909
1710141687941939084
1710141689230144162
1710141690242438741
1710141691236609583
1710141692223070315
1710141693237737679
1710141694242776531
1710141695229812347
1710141696242790793
1710141697232816638
1710141698235970718
1710141699231968981
1710141700246208779
1710141701220043783
1710141702236344964
1710141703234019292
1710141704246766095
1710141705245955200
1710141706226717231
1710141707235333179
1710141708233535182
1710141709225270571
1710141710336417957
1710141711231572009
1710141712519675880
1710141713248283832
1710141714513983607
1710141715230442233
1710141716524893236
1710141717232873170
1710141718524619640
1710141719232824063
1710141720520856377
1710141721224167067
1710141722518181886
1710141723612509280
1710141724526434844
1710141725830328953
1710141726532055256
1710141727829813949
1710141728523887575
1710141729836122776
1710141730520324991
1710141731829768068
1710141732527642207
1710141733823899345
1710141734521795047
1710141735831880023
1710141736529749286
1710141737838158900
1710141738517648498
1710141739838298633
1710141740527605862
1710141741832350577
1710141742528100118
1710141743836823780
1710141744538168999
1710141745824506123
1710141746762277682
1710141747852363339
1710141748955606745
1710141749839622709
1710141751147503234
1710141751848226947
1710141753153819208
1710141753861398897
1710141755152324931
1710141755846433724
1710141757329216220
1710141757872101390
1710141759429008693
1710141759875244391
1710141761422528242
1710141761847606166
1710141763429937062
1710141763847975281
1710141765424402742
1710141765877473349
1710141767431048527
1710141767851268206
1710141769450949932
1710141769860492286
1710141771444870099
1710141771871091763
1710141773445377219
1710141773869858322
1710141775445977033
1710141775881285267
1710141777445258699
1710141777878768537
1710141780736700137
1710141781433264778
1710141782438917379
1710141783441716483
1710141784435312079
1710141785482529061
1710141786433175226
1710141787443287921
1710141788449403834
1710141789448638232
1710141790447545154
1710141791463641208
1710141792449956401
1710141793441989584
1710141794462947651
1710141795447649974
1710141796443531146
1710141797551804559
1710141798457348137
1710141799749011722
1710141800473487730
1710141801764784146
1710141802475939495
1710141803751504762
1710141804454251131
1710141805741316886
1710141806463461142
1710141807780486204
1710141808461250429
1710141809759974784
1710141810467833599
1710141811752532807
1710141812797468537
1710141813800105390
1710141814799839865
1710141815780255963
1710141816781533430
1710141817784739005
1710141818787765910
1710141819961533417
1710141820788689839
1710141821783975132
1710141822791244648
1710141823788272713
1710141824802782787
1710141825800048903
1710141826803457889
1710141828598449960
1710141829090604214
1710141830803522714
1710141831386114136
1710141832795692491
1710141833407129286
1710141834788504207
1710141835396308406
1710141837108771056
1710141837702700122
1710141839105604138
1710141839717029109
1710141841110891729
1710141841721485697
1710141843108423980
1710141843713358936
1710141845215034723
